dP
1.
1.
1.
1.
0.9996011964107677
0.9998005584363782
1.
0.9998005584363782
0.9998005584363782
0.9998005584363782
0.9996011964107677
0.9998005584363782
0.9998005584363782
1.
1.
1.
0.9998005584363782
1.
0.9998005584363782
0.9998005584363782
0.9998005584363782
1.
0.9998005584363782
0.9998005584363782
1.
0.9998005584363782
1.
1.
0.9998005584363782
1.0001995211492418
0.9998005584363782
0.9996011964107677
1.
0.9998005584363782
0.9998005584363782
1.
1.
0.9998005584363782
0.9996011964107677
0.9996011964107677
0.9998005584363782
0.9998005584363782
0.9998005584363782
0.9998005584363782
0.9998005584363782
0.9996011964107677
0.9998005584363782
0.9998005584363782
1.0001995211492418
1.
0.9996011964107677
1.
0.9996011964107677
1.
0.9996011964107677
1.
0.9998005584363782
0.9998005584363782
1.0001995211492418
1.
0.9998005584363782
0.9994019138755982
0.9992027107833367
0.9994019138755982
0.9982078853046596
0.9962241653418125
0.9897334649555776
0.9802502933124756
0.9621880998080615
0.9421161435820335
0.9098003629764067
0.8790110468174646
0.831757093081135
0.782059282371295
0.6491000906383531
0.4973214285714286
0.4973214285714286
0.4973214285714286
0.4973214285714286
0.4973214285714286
0.4973214285714286
0.4973214285714286
0.4973214285714286
0.4973214285714286
0.4973214285714286
0.4973214285714286
0.4973214285714286
0.4973214285714286
0.4973214285714286
0.4973214285714286
0.4973214285714286
0.4973214285714286
0.4973214285714286
0.4973214285714286
0.4973214285714286
0.4973214285714286
0.4973214285714286
0.4973214285714286
0.4973214285714286
0.4973214285714286
0.4973214285714286
0.4973214285714286
0.4973214285714286
0.4973214285714286
0.4973214285714286
0.4973214285714286
0.4973214285714286
0.4973214285714286
0.4973214285714286
0.4973214285714286
0.4973214285714286
0.4973214285714286
0.4973214285714286
0.4973214285714286
0.4973214285714286
0.4973214285714286
0.4973214285714286
0.4973214285714286
0.4973214285714286
0.4973214285714286
0.4973214285714286
0.4973214285714286
0.4973214285714286
0.4973214285714286
0.4973214285714286
0.4973214285714286
0.4973214285714286
0.4973214285714286
0.4973214285714286
0.4973214285714286
0.4973214285714286
0.4973214285714286
0.4973214285714286
0.4973214285714286
0.4973214285714286
0.4973214285714286
0.4973214285714286
0.4973214285714286
0.4973214285714286
0.4973214285714286
0.4973214285714286
0.4973214285714286
0.4973214285714286
0.4973214285714286
0.4973214285714286
0.4973214285714286
0.4973214285714286
0.4968285431119921
0.4963366336633664
0.4958456973293769
0.4924361493123773
0.48717201166180757
0.4760683760683761
0.4645968489341983
0.4444148936170213
0.4237531699070161
0.3892080745341615
0.3520365168539326
0.2766556291390728
0.09326511627906978
4.370531822144725e-7
1.186228111689541e-8
1.0017985611510793e-9
2.9128413712957583e-10
2.1232528589580684e-10
1.9674254317111463e-10
1.9089870525514092e-10
1.8733183856502242e-10
1.8389581804842262e-10
1.8104008667388948e-10
1.77577045696068e-10
1.7460815047021944e-10
1.7126750939528526e-10
1.6839099764863957e-10
1.6517298187808894e-10
1.6249594813614263e-10
1.5939586645468998e-10
1.5695053224796492e-10
1.5410390408853365e-10
1.5186307179642532e-10
1.492852888624181e-10
1.4718144450968877e-10
1.4480069324090122e-10
1.4282051282051283e-10
1.4045951246847858e-10
1.3851892788063e-10
1.3625985322098395e-10
1.3439678284182307e-10
1.321993670886076e-10
1.3037711313394016e-10
1.2830816483235217e-10
1.2649507948523845e-10
1.2439205955334987e-10
1.2253727694940113e-10
1.2038904899135449e-10
1.1859474804826116e-10
1.165001161980014e-10
1.1476648351648351e-10
1.1272768158308971e-10
1.1100531443755537e-10
1.0902566333188343e-10
1.0732177263969171e-10
1.0533725572599286e-10
1.0363861897870581e-10
1.0172483766233766e-10
1.0003991219317502e-10
9.808256701232636e-11
9.636678200692043e-11
9.438900395405762e-11
9.269600591715977e-11
9.070019902297812e-11
8.900923295454547e-11
8.6970853573907e-11
8.526960367409425e-11
8.323094803254193e-11
8.152545129289316e-11
7.952093908629442e-11
7.779329608938547e-11
7.57250755287009e-11
7.398170011806376e-11
7.188127330083166e-11
7.009228187919464e-11
6.790842590083989e-11
6.608225678882151e-11
6.382734912146677e-11
6.189653043585628e-11
5.950854700854702e-11
5.746217331499312e-11
5.4882855266038975e-11
5.2663094862905766e-11
4.9781529294935453e-11
4.72478793590952e-11
4.397368421052632e-11
4.082247557003258e-11
3.6168831168831176e-11
3.1311680199875077e-11
2.278636363636364e-11
1.4026301063234471e-11
5.865215865215865e-12
2.3348858872845833e-12
9.510529311326124e-13
3.789115646258504e-13
1.6297139141742522e-13
6.9828666945257e-14